_LayerID_	_WeightID_	_Weight_
3	0	0.197589558209
3	1	0.39015243781
3	2	-0.273380069904
3	3	-0.505400974844
3	4	-0.411663354398
3	5	-0.0750989634761
3	6	0.495885962098
3	7	-0.1305187957
3	8	-0.392874269992
3	9	-0.0362389735292
3	10	0.556190996922
3	11	0.209885920829
3	12	0.246651807278
3	13	0.115948028942
3	14	0.205156947463
3	15	-0.467476338171
3	16	0.0508227192631
3	17	0.579110103684
3	18	0.010526726474
3	19	-0.564318436925
3	20	-0.285868877297
3	21	0.195383948038
3	22	0.313256659957
3	23	0.20153121238
3	24	0.526929899018
3	25	-0.246235455391
3	26	-0.099471779704
3	27	0.418586719556
3	28	0.105986829474
3	29	-0.311423301073
3	30	-0.0307651789883
3	31	0.42141433429
3	32	-0.544926550252
3	33	-0.113563435721
3	34	0.398890162729
3	35	-0.318566130414
3	36	0.287293576961
3	37	0.0749703354292
3	38	0.0556973080459
3	39	-0.167996648577
3	40	0.468226027176
3	41	-0.0129964665966
3	42	0.0
3	43	0.0
3	44	0.0
3	45	0.0
3	46	0.0
3	47	0.0
4	0	0.0690821305066
4	1	0.385492951629
4	2	0.0871131976757
4	3	-0.338538551771
4	4	0.378995454709
4	5	-0.521301747395
4	6	-0.09923111744
4	7	-0.309433259077
4	8	-0.420927490004
4	9	0.160512677907
4	10	0.146002592166
4	11	-0.430462552805
4	12	-0.175278144804
4	13	-0.261855442084
4	14	-0.413037408844
4	15	0.119044244297
4	16	-0.156376423418
4	17	0.34524582059
4	18	-0.37196892659
4	19	-0.00268560927643
4	20	-0.270031438163
4	21	0.28312148191
4	22	-0.125979109257
4	23	-0.196016961682
4	24	-0.0839609637738
4	25	0.214951172638
4	26	-0.422500244009
4	27	-0.261420335809
4	28	-0.361155443294
4	29	-0.263931832821
4	30	-0.0780978854933
4	31	-0.519067514057
4	32	0.282977474406
4	33	0.310258209642
4	34	-0.509405815562
4	35	-0.476158492825
4	36	0.023865142376
4	37	-0.202817626536
4	38	-0.125880384239
4	39	0.0693554118167
4	40	-0.420875715517
4	41	-0.0817689006922
4	42	-0.392964339356
4	43	0.409624699186
4	44	0.020695255588
4	45	-0.0447151985567
4	46	0.461675178964
4	47	-0.32816059548
4	48	0.162802359141
4	49	0.268990012272
4	50	0.401259067887
4	51	-0.29287449733
4	52	0.206979794986
4	53	0.029860758459
4	54	0.520020067793
4	55	0.0
4	56	0.0
4	57	0.0
4	58	0.0
4	59	0.0
1	0	0.484842609778
1	1	-0.249310426687
1	2	-0.473270886904
1	3	0.52727817568
1	4	0.346210685922
1	5	-0.191051043264
1	6	0.49304720128
1	7	0.110017951535
1	8	0.594525853207
1	9	0.270405189288
1	10	0.228128050373
1	11	-0.396547303822
1	12	0.0465855460273
1	13	-0.0593821229414
1	14	0.216879662149
1	15	-0.133725331617
1	16	0.406988482649
1	17	0.354544198259
1	18	-0.258031496836
1	19	-0.137178167907
1	20	0.138928648835
1	21	-0.320089400766
1	22	-0.533047677701
1	23	-0.604498623399
1	24	0.0826729613279
1	25	-0.13524549606
1	26	0.0860622713327
1	27	-0.232745741925
1	28	0.0529601307282
1	29	-0.231779587518
1	30	0.238143665461
1	31	0.195727744719
1	32	0.504800321582
1	33	-0.191279273612
1	34	0.37439496293
1	35	-0.48943650186
1	36	-0.0150683902017
1	37	0.399741527774
1	38	-0.56398828635
1	39	-0.296517025771
1	40	-0.350473579203
1	41	-0.594797148819
1	42	0.0
1	43	0.0
1	44	0.0
1	45	0.0
1	46	0.0
1	47	0.0
2	0	-0.141508093001
2	1	-0.0615341491302
2	2	0.379106630356
2	3	-0.0793980395605
2	4	-0.254092080416
2	5	0.326157879588
2	6	0.242125452948
2	7	-0.450303468543
2	8	-0.496956850616
2	9	-0.483297365261
2	10	0.281099274612
2	11	-0.0243590107148
2	12	0.114359990596
2	13	-0.103522243599
2	14	0.228314576781
2	15	-0.322881827343
2	16	-0.255288125534
2	17	0.145967743942
2	18	-0.29299176172
2	19	0.0973149025642
2	20	0.300702646459
2	21	0.440528074672
2	22	-0.0833699533296
2	23	-0.18508830437
2	24	0.425626936653
2	25	0.05189374077
2	26	0.219012791835
2	27	-0.354470746562
2	28	0.0678600253152
2	29	0.319421989622
2	30	0.261516197983
2	31	0.331299517381
2	32	-0.0177300844105
2	33	0.158280326385
2	34	0.0989720191473
2	35	0.506414608494
2	36	-0.115221472089
2	37	0.212936442671
2	38	0.47104435092
2	39	0.331270570808
2	40	0.141716242835
2	41	0.0769808602381
2	42	-0.146309540498
2	43	0.0982726406995
2	44	0.360312896251
2	45	-0.231198303066
2	46	-0.143822664531
2	47	0.338947942371
2	48	0.22550680084
2	49	0.283815006688
2	50	0.305206839125
2	51	0.154158152148
2	52	0.0134969888494
2	53	-0.0475883028845
2	54	-0.029350994469
2	55	0.0
2	56	0.0
2	57	0.0
2	58	0.0
2	59	0.0
5	0	-0.0829392324513
5	1	0.190422032879
5	2	-0.101738811
5	3	-0.237551640968
5	4	-0.386778335415
5	5	-0.00548042483738
5	6	-0.298969406932
5	7	0.126474021541
5	8	0.0762290769088
5	9	-0.367707567788
5	10	0.330568703858
5	11	0.252809936659
5	12	0.162485910889
5	13	0.152307838492
5	14	-0.343288525404
5	15	0.107795630289
5	16	0.16417955463
5	17	0.177388077228
5	18	0.405775306793
5	19	0.0964786261399
5	20	0.312671535406
5	21	-0.376364046019
5	22	0.396722960359
5	23	0.265562167125
5	24	0.312306929293
5	25	-0.236443034527
5	26	-0.148793387694
5	27	0.14016262772
5	28	-0.219328116771
5	29	-0.269295511625
5	30	-0.34142354929
5	31	0.144262915835
5	32	0.193997890849
5	33	-0.144138733517
5	34	-0.228198288464
5	35	-0.373716030182
5	36	-0.293236573733
5	37	-0.0144220118687
5	38	-0.383938173391
5	39	-0.0570813152581
5	40	0.197873001907
5	41	-0.192297179191
5	42	0.318260773239
5	43	-0.233936262823
5	44	0.20914480496
5	45	-0.241328126896
5	46	-0.312687082612
5	47	0.219660982426
5	48	0.102512615123
5	49	-0.414485320769
5	50	0.0376204859529
5	51	0.204148204714
5	52	-0.37298701691
5	53	0.034698456475
5	54	-0.190665216632
5	55	0.153957072506
5	56	-0.121923008889
5	57	-0.378502675878
5	58	-0.0569462811602
5	59	-0.0866987343081
5	60	0.0634405657877
5	61	-0.346038249464
5	62	-0.0357923596663
5	63	0.118057003433
5	64	-0.0137543642911
5	65	0.283058508951
5	66	0.38824690067
5	67	0.0152768259284
5	68	-0.386595621338
5	69	-0.218435571341
5	70	-0.00416296145196
5	71	-0.0127781685504
5	72	-0.321699902513
5	73	0.11369793452
5	74	0.183229708134
5	75	0.209539960869
5	76	0.0120115714703
5	77	-0.267512741297
5	78	-0.172954099272
5	79	-0.265937248495
5	80	0.177095969202
5	81	-0.233950056838
5	82	0.299712001139
5	83	-0.0874300130724
5	84	-0.220988299374
5	85	-0.0171146873075
5	86	0.378710151357
5	87	0.0275559419354
5	88	0.311431852875
5	89	-0.243217522571
5	90	-0.128862269315
5	91	-0.389335596401
5	92	0.396055636113
5	93	0.244292603717
5	94	0.264985462206
5	95	0.188821203396
5	96	0.243430679737
5	97	0.116180672054
5	98	0.133380522036
5	99	0.307358008071
5	100	-0.264953288721
5	101	-0.243146167455
5	102	0.335692273995
5	103	-0.240093052059
5	104	-0.388901804332
5	105	-0.105467363352
5	106	0.0159035772986
5	107	-0.124189614376
5	108	0.143719168313
5	109	-0.038862457599
5	110	-0.139516806926
5	111	-0.0653005520521
5	112	-0.0328871870995
5	113	-0.246462217792
5	114	-0.109196428928
5	115	-0.206782760915
5	116	-0.335368391118
5	117	0.385157800925
5	118	-0.353229149017
5	119	0.0
5	120	0.0
5	121	0.0
5	122	0.0
5	123	0.0
5	124	0.0
5	125	0.0
6	0	-0.221654073691
6	1	0.0375388659182
6	2	-0.259885458991
6	3	-0.311829215767
6	4	0.55089381954
6	5	0.517660185701
6	6	-0.252101806145
6	7	1.10715423744
