_LayerID_	_WeightID_	_Weight_
3	0	-0.302036350664
3	1	0.0145392781895
3	2	0.2458404433
3	3	-0.228407855152
3	4	0.0828369598311
3	5	0.176440132772
3	6	0.220620300374
3	7	-0.262174133475
3	8	0.043768145029
3	9	0.314987233721
3	10	0.442384450797
3	11	-0.31225916575
3	12	0.290145471869
3	13	-0.474576002466
3	14	-0.192411235613
3	15	0.346410738001
3	16	-0.111462694562
3	17	-0.291532260066
3	18	-0.263042755192
3	19	0.21562741772
3	20	-0.11499128896
3	21	0.293636629496
3	22	0.41532275075
3	23	-0.13171969407
3	24	-0.298025762797
3	25	0.0133270110583
3	26	0.286009728008
3	27	0.385290806035
3	28	0.225369513326
3	29	0.445730295165
3	30	-0.209548121204
3	31	0.249062635666
3	32	0.0609741956995
3	33	-0.192232288815
3	34	-0.363140023511
3	35	-0.454838327868
3	36	-0.0650531417022
3	37	-0.0514170254935
3	38	-0.428055967466
3	39	0.433045363306
3	40	0.0360733142362
3	41	0.414152543837
3	42	0.114957699054
3	43	-0.371318789986
3	44	-0.392638690875
3	45	0.380981376239
3	46	0.0731000741578
3	47	0.421473972762
3	48	0.0879962946792
3	49	0.0623024133698
3	50	-0.264741561212
3	51	0.358956987525
3	52	0.0116830805365
3	53	-0.425841570033
3	54	-0.414184199182
3	55	0.159939646955
3	56	-0.441375149561
3	57	-0.399601615509
3	58	0.409601585035
3	59	-0.037474759279
3	60	-0.183562630457
3	61	-0.165908888221
3	62	0.25295363845
3	63	0.293401465163
3	64	-0.237363578824
3	65	0.0603339024371
3	66	-0.498578034328
3	67	0.365394058103
3	68	-0.216934308587
3	69	-0.470268200352
3	70	-0.3401044838
3	71	-0.276195087608
3	72	0.0266604650856
3	73	-0.08697858433
3	74	-0.235846142601
3	75	-0.482152841195
3	76	0.0636848146782
3	77	-0.135961107667
3	78	0.3442745989
3	79	0.392722161653
3	80	0.122300253481
3	81	-0.390365398006
3	82	-0.395363507033
3	83	-0.324045563092
3	84	0.192818303968
3	85	-0.487956210179
3	86	0.45708016776
3	87	0.349948434794
3	88	-0.281194780663
3	89	0.00617963170154
3	90	0.27412622308
3	91	0.395987800864
3	92	-0.248393609225
3	93	0.0264153495837
3	94	-0.349411483689
3	95	0.230351889104
3	96	-0.485317864013
3	97	-0.137371777551
3	98	0.333029165548
3	99	-0.0208632480698
3	100	-0.00926109485802
3	101	-0.421654079291
3	102	0.392343315881
3	103	0.209914037501
3	104	-0.49434287241
3	105	-0.0957119446557
3	106	0.465119798904
3	107	0.0900954020983
3	108	0.310148145826
3	109	-0.34008229482
3	110	-0.0651044008268
3	111	0.0664696869325
3	112	-0.339966246967
3	113	-0.240332873451
3	114	-0.437725427471
3	115	-0.432528184641
3	116	-0.32684602284
3	117	0.0718166557189
3	118	-0.327404186343
3	119	0.0929864434146
3	120	0.44314895412
3	121	0.013711505361
3	122	0.227443163297
3	123	-0.454785013718
3	124	0.153310102428
3	125	0.377978012492
3	126	0.488948698599
3	127	0.400145434778
3	128	0.259915108247
3	129	0.321419258094
3	130	-0.410227019321
3	131	-0.334361928941
3	132	-0.255312982803
3	133	-0.105162651094
3	134	-0.379017004243
3	135	0.366284604732
3	136	-0.167843628566
3	137	-0.039687498039
3	138	0.361009424398
3	139	-0.096231974461
3	140	-0.399093643223
3	141	0.10731830476
3	142	0.201766904751
3	143	-0.323089193836
3	144	-0.0183247746926
3	145	0.416554296661
3	146	0.334329468386
3	147	0.372734331234
3	148	-0.346841774487
3	149	0.0624597710762
3	150	0.101682283255
3	151	-0.0682463360303
3	152	0.446920930745
3	153	-0.0631977814498
3	154	-0.122241837656
3	155	0.40651604695
3	156	0.179501015518
3	157	0.3976914668
3	158	-0.437083787121
3	159	0.00647730210705
3	160	0.186163895159
3	161	-0.140366026594
3	162	-0.200733593982
3	163	0.150499934365
3	164	-0.00205683274548
3	165	-0.403367733611
3	166	-0.316195289166
3	167	0.164758009328
3	168	-0.193277589987
3	169	0.302542447252
3	170	0.182738948534
3	171	0.246565258727
3	172	-0.140169635851
3	173	-0.42984726583
3	174	-0.44992490588
3	175	0.032261493841
3	176	-0.391724272699
3	177	-0.121034043144
3	178	-0.0756851002521
3	179	-0.188007237926
3	180	0.422841348619
3	181	-0.260637837678
3	182	0.386814509035
3	183	0.0376446008746
3	184	-0.116406227781
3	185	-0.386514190593
3	186	-0.175946796878
3	187	-0.411882473582
3	188	-0.0577897666386
3	189	-0.0183792235777
3	190	0.184190091776
3	191	0.0545115303616
3	192	0.0958347567345
3	193	-0.0765868710217
3	194	0.416826828606
3	195	0.364496099308
3	196	0.31258272376
3	197	-0.327372965511
3	198	0.331318042631
3	199	-0.0645320996679
3	200	-0.206519415212
3	201	0.20646617145
3	202	0.357324306223
3	203	0.312107209623
3	204	-0.402788653641
3	205	0.171546936383
3	206	-0.100495612145
3	207	0.147833999553
3	208	0.164588955025
3	209	0.0800421383937
3	210	-0.180314513915
3	211	-0.0808325210836
3	212	-0.219886962735
3	213	0.405035987298
3	214	-0.0901828026053
3	215	0.494314103522
3	216	-0.416762097466
3	217	0.158912779733
3	218	-0.0757331809317
3	219	0.106166402364
3	220	0.16926486656
3	221	0.116568032351
3	222	0.347072378525
3	223	0.023561369113
3	224	-0.245650361754
3	225	-0.150208465194
3	226	0.182604069962
3	227	-0.0536034100663
3	228	0.427457478524
3	229	0.109122149089
3	230	-0.402771192547
3	231	0.192184279223
3	232	0.0100132242995
3	233	0.383073958656
3	234	-0.134317149601
3	235	0.469628091228
3	236	-0.311457030317
3	237	-0.103119427237
3	238	0.28399264386
3	239	-0.34369414229
3	240	0.132250575038
3	241	-0.261096090822
3	242	0.263469951571
3	243	0.403738599595
3	244	0.210299395433
3	245	0.326591954518
3	246	0.288351763228
3	247	0.307190154546
3	248	-0.293943777854
3	249	0.430962778436
3	250	-0.03861561445
3	251	-0.297778285851
3	252	-0.437854025714
3	253	-0.486361250555
3	254	0.0116873488128
3	255	0.412296273433
3	256	0.205608409192
3	257	0.411721151431
3	258	-0.293173682249
3	259	0.177772391418
3	260	0.320827088001
3	261	0.172411921417
3	262	0.0516328450966
3	263	0.0193664514497
3	264	0.336074482654
3	265	-0.452430580573
3	266	-0.121404174964
3	267	-0.115582355043
3	268	0.00171386228743
3	269	-0.296418717323
3	270	-0.446850860963
3	271	0.382531850008
3	272	-0.104736196467
3	273	-0.125350965467
3	274	-0.267082623649
3	275	0.204120705368
3	276	0.219620851437
3	277	-0.112141361637
3	278	0.338304696564
3	279	0.16492280419
3	280	-0.357095900461
3	281	0.109422380789
3	282	-0.254428377956
3	283	0.0843745953865
3	284	0.162930057629
3	285	-0.332705375197
3	286	-0.0758998316568
3	287	0.443160118491
3	288	-0.265620937082
3	289	0.155524739508
3	290	-0.411763358192
3	291	-0.237006041392
3	292	0.265546107546
3	293	-0.466480679727
3	294	0.230857274145
3	295	-0.082366364697
3	296	-0.36457989755
3	297	-0.215602525652
3	298	-0.0746509244014
3	299	-0.277285917255
3	300	-0.00706330814119
3	301	0.399742011526
3	302	0.331012374956
3	303	-0.441159667469
3	304	0.391925971053
3	305	0.128155815482
3	306	-0.494138131957
3	307	0.0257651747838
3	308	-0.301166779943
3	309	0.19534993956
3	310	-0.469310157721
3	311	0.321741789386
3	312	0.171355078029
3	313	-0.00720108749134
3	314	-0.231324165908
3	315	-0.227286849812
3	316	-0.46191725035
3	317	0.248294756634
3	318	-0.490451400445
3	319	0.133161232872
3	320	-0.431811499826
3	321	-0.350577352619
3	322	-0.167260763889
3	323	-0.354255528382
3	324	-0.123787912751
3	325	-0.0891593598251
3	326	-0.399918696736
3	327	0.282637822623
3	328	-0.152376208736
3	329	0.319767730035
3	330	0.0221549083621
3	331	-0.166357624747
3	332	-0.0729192232781
3	333	-0.319352341749
3	334	-0.285928295112
3	335	0.151711701412
3	336	0.514491701946
3	337	1.15544038951
3	338	0.985268529813
3	339	-0.665908161811
3	340	-0.265623029137
3	341	0.026083752871
3	342	-0.57937757183
3	343	0.953288507609
3	344	0.196191136223
3	345	-0.0832630488106
3	346	-1.18350844105
3	347	0.665428358844
3	348	-0.0690414265897
3	349	-1.27322020649
3	350	-0.596909473811
3	351	-0.404171066306
3	352	0.0723407276211
3	353	0.693177225612
3	354	-0.504363551243
3	355	-1.05152536222
3	356	1.12543726756
3	357	-0.00026481760934
3	358	0.00112696285458
3	359	0.000260888472072
3	360	6.86277874331e-05
3	361	0.00152158502769
3	362	0.00139936746543
3	363	-0.000302613834848
3	364	0.0107563870675
3	365	0.0662842814763
3	366	0.0338627981798
3	367	-0.0244300238412
3	368	0.10682821188
3	369	0.0616282571597
3	370	0.0122718637872
3	371	-0.000274262787097
3	372	0.00115374034771
3	373	-0.000348831574319
3	374	0.000169379377098
3	375	-0.000320233770545
3	376	0.00014844315077
3	377	0.000234031785091
3	378	-0.000296605569179
3	379	0.00107316880242
3	380	0.000208023130854
3	381	6.75949643084e-05
3	382	0.00152731180719
3	383	0.00144053405445
3	384	-0.000239312095287
1	0	-0.366562299998
1	1	0.561545462754
1	2	0.0491097276685
1	3	-0.250132251564
1	4	0.372233293294
1	5	-0.186276423532
1	6	0.127942913146
1	7	-0.218575055359
1	8	-0.481652259751
1	9	-0.066256836881
1	10	0.438546054214
1	11	0.478107283481
1	12	-0.438982982657
1	13	-0.575370860197
1	14	-0.331090090389
1	15	-0.28754029367
1	16	-0.504132690265
1	17	0.0546321666894
1	18	-0.575592704586
1	19	-0.57010423766
1	20	0.422686682488
1	21	-0.0117673668598
1	22	0.561532630441
1	23	0.225902280561
1	24	-0.228151361107
1	25	-0.216725955075
1	26	0.284668807889
1	27	-0.0183104682222
1	28	-0.463414124097
1	29	-0.0259156609034
1	30	-0.0397470515773
1	31	-0.0105074584822
1	32	-0.18108348549
1	33	-0.317082864855
1	34	-0.355752200618
1	35	0.568409492814
1	36	0.432569305431
1	37	-0.24898830983
1	38	0.280880958146
1	39	-0.530384027398
1	40	0.335150770799
1	41	0.348402601025
1	42	0.404684953437
1	43	0.11219366182
1	44	-0.0119600804934
1	45	0.192993371615
1	46	0.515020607367
1	47	0.296894862904
1	48	-0.165480072505
1	49	-0.47824221875
1	50	0.214629880228
1	51	0.553397321083
1	52	0.0927959365269
1	53	-0.2619903165
1	54	-0.270204638215
1	55	0.333219763022
1	56	-0.272846430766
1	57	-0.0741287219387
1	58	0.572300385282
1	59	0.33085202392
1	60	0.389640226317
1	61	0.0942297939043
1	62	-0.121984612678
1	63	-0.0718378099898
1	64	-0.100153002842
1	65	0.47264182901
1	66	-0.199601977994
1	67	-0.125799132933
1	68	0.102128901394
1	69	-0.0628896305551
1	70	-0.511909461964
1	71	0.279978574684
1	72	-0.337379730898
1	73	-0.315540171631
1	74	-0.412471116303
1	75	-0.0274512469975
1	76	0.239654401695
1	77	-0.508218401637
1	78	-0.488235531415
1	79	-0.216321878299
1	80	-0.146426171156
1	81	0.444519011994
1	82	-0.387980310259
1	83	-0.163759467395
1	84	-0.552322886262
1	85	0.321264635093
1	86	0.0217515402473
1	87	0.438452349153
1	88	-0.0340984686871
1	89	0.102051979396
1	90	-0.157183162771
1	91	-0.0530118042485
1	92	0.140087342025
1	93	-0.136116598926
1	94	0.502702707987
1	95	0.48166610516
1	96	-0.56732521486
1	97	0.0309370766036
1	98	-0.506580402051
1	99	0.258977379002
1	100	-0.342602369237
1	101	-0.3488034707
1	102	0.427200397448
1	103	0.572397691095
1	104	-0.0460765948093
1	105	-0.360346500041
1	106	0.0760346414082
1	107	-0.220162162196
1	108	-0.0543387050604
1	109	-0.312582158334
1	110	-0.223077633893
1	111	-0.25485888162
1	112	-0.183602052902
1	113	-0.479870426655
1	114	-0.0359751908193
1	115	-0.271552594713
1	116	-0.50411878441
1	117	0.142221271519
1	118	-0.179434135518
1	119	-0.118527632044
1	120	-0.290981412751
1	121	-0.0457708291459
1	122	0.443220495728
1	123	0.545388264299
1	124	0.220122891321
1	125	-0.372278124537
1	126	-0.0679703242899
1	127	-0.151159437375
1	128	-0.170675048768
1	129	-0.243950736371
1	130	0.359044769101
1	131	-0.221157905464
1	132	0.314924882848
1	133	0.485169342013
1	134	-0.261778400497
1	135	-0.241740008571
1	136	-0.480172426302
1	137	0.306391835681
1	138	0.306512207322
1	139	-0.480328122019
1	140	0.442017237774
1	141	-0.0597744630863
1	142	0.22918832917
1	143	-0.0423982068743
1	144	0.268254122163
1	145	0.16731976277
1	146	-0.518159240742
1	147	-0.464235853794
1	148	-0.0682083040621
1	149	-0.518794660318
1	150	-0.491840407407
1	151	-0.250630016411
1	152	0.105028720846
1	153	0.269106169125
1	154	-0.291530765961
1	155	0.192754354072
1	156	-0.337352949117
1	157	-0.105761715226
1	158	-0.010655337033
1	159	0.330465651641
1	160	-0.543792616209
1	161	-0.416328561395
1	162	-0.258948923314
1	163	-0.248684757016
1	164	0.234133219858
1	165	0.533999338129
1	166	-0.152304791886
1	167	0.518152904036
1	168	0.420981617643
1	169	0.563119064063
1	170	0.0472335106912
1	171	-0.0977879451591
1	172	0.174810813435
1	173	-0.362549425235
1	174	-0.355285103346
1	175	0.464294214928
1	176	-0.37986629733
1	177	-0.330614635173
1	178	-0.368483141614
1	179	-0.490865330334
1	180	0.210024553744
1	181	-0.0902723663021
1	182	-0.522071219915
1	183	0.555476143126
1	184	0.234716482106
1	185	-0.451045357788
1	186	0.525988573145
1	187	-0.46293426341
1	188	-0.0970642480163
1	189	-0.534750119704
1	190	-0.469661486164
1	191	-0.520122472849
1	192	0.506019254597
1	193	0.106030207374
1	194	0.128016172185
1	195	-0.194429713899
1	196	0.0191709771059
1	197	-0.153423733765
1	198	-0.009429647312
1	199	-0.203400860331
1	200	-0.25125157802
1	201	-0.473132286371
1	202	-0.0931470397865
1	203	0.342299049334
1	204	-0.164870058225
1	205	-0.316670476476
1	206	0.503104684818
1	207	-0.13358468638
1	208	0.255450146852
1	209	-0.544013344897
1	210	0.537721054304
1	211	0.0248520053846
1	212	-0.309022509774
1	213	0.050690005238
1	214	0.321833950315
1	215	0.0648120479683
1	216	-1.64440241149
1	217	-0.090183118658
1	218	-1.10786721742
1	219	-0.989924266562
1	220	1.21117023368
1	221	0.826775690324
1	222	0.435731554771
1	223	0.620116213357
1	224	-0.656375986987
1	225	1.39435939726
1	226	-0.0434041831394
1	227	0.734489544318
1	228	-0.105252815047
1	229	0.432124723032
1	230	0.0303442830497
1	231	0.863691847495
1	232	-1.49864761135
1	233	-1.55576841891
1	234	0.000283434632541
1	235	2.51274506857e-05
1	236	-0.00114016488387
1	237	-2.09912064785e-05
1	238	-9.2858059831e-05
1	239	0.000618945248395
1	240	-0.00372312915525
1	241	0.000665152358889
1	242	0.00463716272996
1	243	0.000230152346716
1	244	-0.000784426448489
1	245	0.00138633282648
1	246	0.000165171856571
1	247	6.12980176645e-05
1	248	-0.000535371899674
1	249	2.22644154227e-05
1	250	-0.000128835296144
1	251	0.000262023401242
1	252	0.000155086927579
1	253	5.80260019107e-05
1	254	-0.00023072568845
1	255	-4.06499617169e-05
1	256	3.38502475492e-05
1	257	0.000427261687837
2	0	-0.419685578763
2	1	0.342113438137
2	2	0.175412367894
2	3	-0.0135502693844
2	4	-0.51918232291
2	5	0.498434639758
2	6	-0.514047249996
2	7	-0.156615382383
2	8	0.00297140178541
2	9	-0.113144461149
2	10	0.413168792821
2	11	0.00136764225138
2	12	-0.413461924792
2	13	-0.361063600455
2	14	-0.427028355469
2	15	-0.400644338482
2	16	-0.468852405843
2	17	0.42990697641
2	18	0.115132341948
2	19	-0.45091737652
2	20	0.145637266178
2	21	0.323292018834
2	22	-0.0613573878487
2	23	0.307202732123
2	24	0.171196794535
2	25	-0.0821196371553
2	26	0.179511344379
2	27	-0.384430477613
2	28	-0.411420780971
2	29	0.0873278241909
2	30	0.0600000390558
2	31	-0.457782358995
2	32	0.394913528327
2	33	-0.244285155851
2	34	0.196517067911
2	35	-0.491501499115
2	36	-0.145595267023
2	37	0.0207548895931
2	38	-0.405955393076
2	39	-0.24340051777
2	40	0.361988389877
2	41	-0.431182000785
2	42	-0.107235247882
2	43	-0.194875600192
2	44	-0.4314528978
2	45	-0.0196160853675
2	46	0.403138901749
2	47	0.113863655958
2	48	-0.412173293025
2	49	0.245816194128
2	50	0.0448349086527
2	51	0.137794710479
2	52	0.355548898812
2	53	-0.385977367769
2	54	-0.0131774426414
2	55	0.11908673826
2	56	0.4778698219
2	57	-0.0351826547884
2	58	-0.0433196382365
2	59	-0.507782457014
2	60	0.281539664262
2	61	-0.521923493195
2	62	-0.157786875543
2	63	-0.410477279688
2	64	-0.253125952858
2	65	-0.0965938327623
2	66	0.0638554486667
2	67	-0.297590626723
2	68	-0.00901185647425
2	69	0.106477880652
2	70	0.322634990591
2	71	0.234119470214
2	72	-0.440207074227
2	73	-0.0314185103824
2	74	0.221901801185
2	75	-0.176441623667
2	76	-0.496969925943
2	77	-0.265747423149
2	78	-0.104212170679
2	79	0.500889347852
2	80	0.415439374953
2	81	-0.240005620997
2	82	0.211715067606
2	83	0.0723906237805
2	84	-0.126313247758
2	85	-0.0940543055548
2	86	0.0597515846128
2	87	-0.0564550457681
2	88	-0.269481669316
2	89	-0.267023817004
2	90	-0.168563817981
2	91	0.177290691445
2	92	0.0282193710081
2	93	-0.517343522073
2	94	0.282163602603
2	95	0.399723299703
2	96	0.44414949789
2	97	0.219183609209
2	98	-0.393392263078
2	99	0.26070518068
2	100	-0.514974940787
2	101	0.0324188021632
2	102	-0.478246041313
2	103	-0.289848931071
2	104	0.0766517700114
2	105	0.467556310797
2	106	0.266415949518
2	107	0.0681479105499
2	108	-0.26111084847
2	109	0.211641577494
2	110	0.519805345785
2	111	0.0806528959723
2	112	0.014410853374
2	113	0.120417030643
2	114	-0.405975340694
2	115	0.0590669239242
2	116	-0.438612765196
2	117	0.128855682967
2	118	-0.257318836764
2	119	0.373196463501
2	120	-0.375831727842
2	121	-0.182271021559
2	122	0.226838189922
2	123	-0.0426090732078
2	124	0.349074349936
2	125	-0.0873067977386
2	126	0.188093809695
2	127	0.358248742029
2	128	-0.379118604733
2	129	0.122864657106
2	130	-0.0181972716479
2	131	-0.463259740237
2	132	-0.461160481738
2	133	0.465148497776
2	134	-0.251715628651
2	135	0.273249090234
2	136	-0.310282695333
2	137	0.350927031501
2	138	-0.00354486589925
2	139	0.170245205279
2	140	-0.22869383802
2	141	0.396843760389
2	142	-0.189562457554
2	143	-0.472674900429
2	144	-0.304619455661
2	145	-0.236106236254
2	146	-0.170011857092
2	147	0.382490794136
2	148	0.123328251284
2	149	0.387842918245
2	150	0.00876118231618
2	151	-0.355587820906
2	152	-0.284440488052
2	153	-0.446658479365
2	154	-0.220905200243
2	155	0.450941957357
2	156	-0.0352653480407
2	157	-0.24775343655
2	158	-0.123290158586
2	159	0.20881120385
2	160	0.466007216732
2	161	0.277191676797
2	162	-0.0162645342229
2	163	0.133655494862
2	164	-0.436572510856
2	165	0.172380127257
2	166	-0.25029635109
2	167	0.0357782216178
2	168	0.073683682319
2	169	-0.398685087497
2	170	-0.199341171233
2	171	0.36659420315
2	172	-0.0650770340313
2	173	-0.0126349255587
2	174	-0.103262942423
2	175	-0.494424464042
2	176	-0.149779880776
2	177	-0.0610544725236
2	178	0.405275994589
2	179	-0.501763927148
2	180	0.228632885995
2	181	0.0710270056126
2	182	-0.0303816146969
2	183	-0.0158397738676
2	184	-0.44901676502
2	185	0.290360479804
2	186	-0.214293412421
2	187	0.411632062277
2	188	0.226700377269
2	189	0.218427200714
2	190	-0.0752983603031
2	191	-0.0648799197597
2	192	0.195978905162
2	193	-0.178667883774
2	194	0.479389051534
2	195	0.00865467337472
2	196	0.0224688058383
2	197	0.165671569763
2	198	0.483029395176
2	199	-0.0523074326972
2	200	-0.258455992117
2	201	-0.219843594904
2	202	0.0375756606332
2	203	0.290262336962
2	204	-0.440945324627
2	205	-0.38960036765
2	206	0.0810472796274
2	207	-0.149697658461
2	208	-0.272619179488
2	209	0.140819837541
2	210	0.33964921624
2	211	0.429042087357
2	212	0.0135799082102
2	213	0.487678964665
2	214	0.470689764843
2	215	-0.467752610739
2	216	0.151226196633
2	217	-0.430040684548
2	218	0.360072070813
2	219	-0.309618263298
2	220	1.37503880792
2	221	-0.888382436973
2	222	-1.46365006661
2	223	-1.0884812179
2	224	-0.49205523896
2	225	1.24295784703
2	226	1.31536375136
2	227	0.259600035323
2	228	-0.840202489109
2	229	0.579832423369
2	230	-1.32831743439
2	231	-0.215167586764
2	232	0.0533839909711
2	233	-0.358744689516
2	234	1.02799958513
2	235	-0.000507927292563
2	236	0.000940461757017
2	237	2.16738344131e-05
2	238	0.000306676884395
2	239	-0.00042051102685
2	240	-0.00680803886064
2	241	0.0204299599277
2	242	0.00590790854034
2	243	-0.00578968070189
2	244	-0.000910659710169
2	245	-0.000108063763101
2	246	0.00116482964809
2	247	-2.17795631578e-05
2	248	0.000270623420441
2	249	-0.000400670026273
2	250	-0.000491817928862
2	251	0.00099720823178
2	252	1.23018507469e-05
2	253	0.000389424482164
2	254	-0.000555069535682
4	0	0.0639373943892
4	1	0.458402062201
4	2	0.231732949465
4	3	-0.21445676148
4	4	0.655964220871
4	5	0.439596405647
4	6	0.143293108205
4	7	0.472078482683
