_LayerID_	_WeightID_	_Weight_
4	0	-0.62136119609
4	1	0.293678182217
4	2	-0.530869536753
4	3	0.629872260298
4	4	-0.189607608092
4	5	0.150185288614
4	6	-0.0306248974246
4	7	-1.70387475389
2	0	0.34117476869
2	1	-0.297335021925
2	2	0.170079209015
2	3	0.288390474785
2	4	0.29131451757
2	5	-0.502890821677
2	6	0.365545472411
2	7	0.277692173235
2	8	0.210536445981
2	9	0.500683895623
2	10	0.106821303245
2	11	0.190016025628
2	12	-0.0826664748471
2	13	0.218816366437
2	14	0.466734136124
2	15	-0.355313097415
2	16	-0.0555226612641
2	17	0.0881060340871
2	18	-0.257569150593
2	19	-0.0534860705308
2	20	0.204165052255
2	21	0.0790822051898
2	22	0.5161480097
2	23	0.215086310527
2	24	0.456696438875
2	25	-0.360012212507
2	26	-0.157993100091
2	27	-0.407281072741
2	28	-0.19335536397
2	29	-0.159454453352
2	30	-0.0156279222199
2	31	-0.323590114047
2	32	-0.0181533983203
2	33	0.214662053655
2	34	-0.0989489931956
2	35	-0.217830505438
2	36	-0.229219959493
2	37	-0.0741335235591
2	38	-0.198296670847
2	39	0.121917310622
2	40	-0.476806643732
2	41	0.161831376825
2	42	0.515710866715
2	43	0.290748742432
2	44	-0.0674521723096
2	45	-0.0742764934529
2	46	-0.0909010678552
2	47	-0.394410203146
2	48	0.521168514298
2	49	0.362553854424
2	50	-0.397444706091
2	51	0.46674899068
2	52	-0.142542340309
2	53	0.32226371786
2	54	0.0772639131319
2	55	0.50449867735
2	56	-0.368593207959
2	57	-0.0943025526661
2	58	0.385898321804
2	59	-0.443148976134
2	60	-0.252710793205
2	61	0.0666795577985
2	62	0.386955358155
2	63	0.282887422903
2	64	0.134521221386
2	65	-0.329111597424
2	66	-0.308936312144
2	67	-0.397955288858
2	68	-0.0402617706024
2	69	-0.280198295815
2	70	-0.1617539954
2	71	0.322299218557
2	72	-0.478734780737
2	73	0.197319211357
2	74	-0.350561689403
2	75	-0.352529701173
2	76	0.431354788748
2	77	-0.279874792276
2	78	-0.341499111399
2	79	-0.418683319208
2	80	-0.0790377974807
2	81	-0.107761307986
2	82	-0.0302972070732
2	83	0.273601106011
2	84	0.183272548989
2	85	-0.0973788364614
2	86	0.219057083125
2	87	0.489153674598
2	88	0.193574605863
2	89	-0.0413099473664
2	90	0.202683249141
2	91	0.312326310397
2	92	-0.293245165714
2	93	0.232671977189
2	94	-0.464717836714
2	95	-0.212115230377
2	96	0.00306702684343
2	97	0.278331646413
2	98	-0.0310472453426
2	99	-0.472240151919
2	100	-0.38413859788
2	101	0.386422894712
2	102	-0.47930031105
2	103	0.129116384693
2	104	-0.289312823983
2	105	-0.136779017419
2	106	0.0335534187669
2	107	0.346684735337
2	108	-0.440951429988
2	109	-0.252283806429
2	110	0.193343891323
2	111	-0.0242789821755
2	112	0.271336322607
2	113	-0.209846720203
2	114	0.0958665694762
2	115	0.469370247819
2	116	-0.294741051309
2	117	0.413373829634
2	118	0.352076532918
2	119	0.322270955259
2	120	-0.00441436084041
2	121	0.163128419098
2	122	-0.356748400265
2	123	-0.425365805809
2	124	0.480460284955
2	125	-0.0325440778151
2	126	-0.399216713177
2	127	-0.418168234431
2	128	0.508951429753
2	129	0.261890464481
2	130	-0.363990285611
2	131	0.148527516782
2	132	0.288196721288
2	133	0.466000197887
2	134	0.331705204079
2	135	-0.443084690637
2	136	0.501036593386
2	137	-0.348316202115
2	138	-0.449595258568
2	139	-0.266838616638
2	140	0.223438191196
2	141	-0.258168619658
2	142	-0.120713312447
2	143	0.247025632899
2	144	0.498274179954
2	145	-0.08661052473
2	146	0.374358951067
2	147	0.208361089399
2	148	0.408026885583
2	149	0.245190958162
2	150	0.371320959925
2	151	0.286227504921
2	152	0.0805723563466
2	153	0.325151667395
2	154	0.10734639708
2	155	-0.321437213864
2	156	0.146843599367
2	157	0.505689297466
2	158	-0.0401036295229
2	159	-0.261446713082
2	160	0.0385942880141
2	161	-0.462759924982
2	162	0.180981466785
2	163	-0.442037220819
2	164	-0.390658561276
2	165	1.0
2	166	1.0
2	167	1.0
2	168	1.0
2	169	1.0
2	170	1.0
2	171	1.0
2	172	1.0
2	173	1.0
2	174	1.0
2	175	0.0
2	176	0.0
2	177	0.0
2	178	0.0
2	179	0.0
1	0	0.0990526698303
1	1	-0.133432536563
1	2	0.305844334023
1	3	0.311772352776
1	4	-0.447933544631
1	5	-0.0645432362953
1	6	-0.430551538888
1	7	-0.522517755321
1	8	-0.228804175001
1	9	0.0554865452836
1	10	-0.436650860748
1	11	0.245797779648
1	12	0.163623956054
1	13	-0.339850188848
1	14	-0.123744718729
1	15	0.441099117758
1	16	-0.0582677186301
1	17	0.0851456881147
1	18	-0.307293111189
1	19	0.416918967917
1	20	-0.439386143848
1	21	-0.240636006045
1	22	-0.0573365292151
1	23	-0.23444869312
1	24	-0.254263311246
1	25	-0.163730456741
1	26	-0.0719598785367
1	27	0.552471090752
1	28	0.130241146624
1	29	-0.196410469503
1	30	-0.0768543447215
1	31	-0.480660744266
1	32	0.564038914535
1	33	0.246702200294
1	34	-0.188640699438
1	35	0.130554231958
1	36	-0.497332846427
1	37	-0.291411848993
1	38	0.271488894941
1	39	-0.324432209134
1	40	0.24567252641
1	41	-0.383127593717
1	42	-0.325066416567
1	43	-0.336976215888
1	44	0.141419947746
1	45	-0.195375072897
1	46	0.107457670937
1	47	-0.399679452026
1	48	0.17269950565
1	49	0.367323158274
1	50	0.282669395154
1	51	0.199825459945
1	52	-0.171754697341
1	53	0.347496405071
1	54	0.316899301405
1	55	-0.462219405016
1	56	-0.400280261159
1	57	-0.00325983629623
1	58	0.161525500084
1	59	0.269539098966
1	60	-0.360710923621
1	61	0.21225430552
1	62	-0.0880945957178
1	63	0.503451805681
1	64	-0.0310368012231
1	65	0.278356037611
1	66	-0.112332232998
1	67	0.57240393965
1	68	0.504038100387
1	69	0.0456527317979
1	70	-0.20096708528
1	71	-0.570144808606
1	72	-0.343589496807
1	73	0.516478385011
1	74	0.0827474204082
1	75	-0.24607311586
1	76	-0.434035927687
1	77	0.0268079394128
1	78	-0.0892913987295
1	79	0.286529686247
1	80	0.229380639978
1	81	-0.393865085875
1	82	-0.385260045416
1	83	0.481662630919
1	84	0.535279860853
1	85	-0.487887346687
1	86	-0.525828164963
1	87	0.209922325596
1	88	-0.083836157577
1	89	0.108751292453
1	90	0.22087117784
1	91	0.174881813734
1	92	0.404995966856
1	93	-0.481797978145
1	94	0.320421811172
1	95	-0.57290479353
1	96	-0.273107472192
1	97	-0.0839560450001
1	98	-0.272730722335
1	99	0.497815153999
1	100	-0.194297004226
1	101	0.103998051696
1	102	0.22935085026
1	103	-0.543401355324
1	104	-0.17805866266
1	105	-0.458045796815
1	106	0.164078574506
1	107	0.531551892796
1	108	0.377892871071
1	109	-0.167606554282
1	110	0.201828962778
1	111	-0.430719352275
1	112	-0.303659046486
1	113	-0.569635483781
1	114	-0.153569253711
1	115	-0.425844061202
1	116	0.0494291490851
1	117	0.136407105715
1	118	-0.145657055002
1	119	0.332032941304
1	120	0.179487637083
1	121	-0.233119782695
1	122	-0.155568023886
1	123	-0.0627869795081
1	124	0.376862223945
1	125	0.163766294643
1	126	-0.0694407398992
1	127	0.277220567751
1	128	-0.493635134384
1	129	-0.391227114339
1	130	0.00448669800407
1	131	-0.0063095339124
1	132	0.449464659161
1	133	0.433326878264
1	134	0.23340860353
1	135	-0.128321917691
1	136	-0.422834243455
1	137	0.427993069235
1	138	0.574749748178
1	139	0.346508820268
1	140	-0.0710820493327
1	141	0.022390602995
1	142	0.521474210579
1	143	0.237650821923
1	144	0.325839266704
1	145	-0.375301910538
1	146	-0.248432508446
1	147	-0.343610822181
1	148	-0.560041917477
1	149	-0.44615845554
1	150	0.572904195746
1	151	0.00921879583137
1	152	-0.491656858644
1	153	0.229475337996
1	154	-0.218551482321
1	155	-0.523612103124
1	156	0.248490315144
1	157	0.237015380104
1	158	-0.12786712474
1	159	-0.189377424446
1	160	0.0280899648618
1	161	-0.552460343509
1	162	1.0
1	163	1.0
1	164	1.0
1	165	1.0
1	166	1.0
1	167	1.0
1	168	1.0
1	169	1.0
1	170	1.0
1	171	1.0
1	172	1.0
1	173	1.0
1	174	0.0
1	175	0.0
1	176	0.0
1	177	0.0
1	178	0.0
1	179	0.0
3	0	0.0750396209281
3	1	0.215574373731
3	2	0.22425426802
3	3	0.427989809319
3	4	-0.4575880244
3	5	-0.372370863322
3	6	-0.0430851550416
3	7	-0.387459273992
3	8	-0.162186413149
3	9	0.426613755533
3	10	-0.462382208693
3	11	-0.132538474865
3	12	-0.442597592495
3	13	-0.40820018837
3	14	-0.451499860334
3	15	0.243168992511
3	16	-0.138067522832
3	17	-0.137963728018
3	18	0.411530369217
3	19	0.263236257764
3	20	-0.049637229302
3	21	0.315687057876
3	22	0.124504338924
3	23	0.168269211418
3	24	-0.428710796453
3	25	-0.477630066568
3	26	-0.478469356691
3	27	-0.231314336589
3	28	-0.0420429851672
3	29	-0.152045137139
3	30	-0.212893547372
3	31	-0.186794794877
3	32	0.257738232052
3	33	0.241982901328
3	34	0.326914328455
3	35	-0.299873345133
3	36	0.0160284528109
3	37	0.266260617816
3	38	0.225704492445
3	39	0.149798007086
3	40	-0.46522528517
3	41	-0.477738748734
3	42	-0.0747717476918
3	43	0.0240554949133
3	44	0.128361007151
3	45	-0.27275765259
3	46	0.0578600253846
3	47	0.10975675993
3	48	-0.4352687205
3	49	-0.242346510069
3	50	0.0697385350514
3	51	0.226896095864
3	52	0.0459222319676
3	53	0.0904618318483
3	54	-0.288166431797
3	55	-0.287754572506
3	56	-0.432357217341
3	57	-0.464068581982
3	58	-0.365108681688
3	59	0.0134000128722
3	60	0.464093350406
3	61	0.418684450073
3	62	0.391002870462
3	63	0.244559317471
3	64	-0.173168643947
3	65	-0.217064944404
3	66	0.0634568579867
3	67	0.0374131855217
3	68	0.16845677543
3	69	-0.396685014739
3	70	0.076847132495
3	71	-0.316683708573
3	72	-0.0525602811809
3	73	-0.341458203282
3	74	-0.107439679911
3	75	-0.204509618758
3	76	-0.374677886286
3	77	-0.0878005823206
3	78	-0.232937757409
3	79	-0.466252040883
3	80	-0.336307317957
3	81	0.253514798528
3	82	0.31778011836
3	83	-0.102267967548
3	84	0.302312239853
3	85	0.273465574388
3	86	0.424515299625
3	87	-0.309328488293
3	88	-0.445454759728
3	89	-0.195785764222
3	90	0.302257319656
3	91	-0.374733426376
3	92	0.149176532357
3	93	0.00620599565183
3	94	-0.27000439163
3	95	0.318867287245
3	96	0.11271366319
3	97	0.0922338246325
3	98	0.48870943321
3	99	-0.393459823343
3	100	-0.132601436026
3	101	-0.134145217472
3	102	-0.259057693068
3	103	0.07887624233
3	104	0.113539752871
3	105	-0.446598573015
3	106	0.281154097903
3	107	-0.138893243765
3	108	-0.425887527573
3	109	-0.446176426857
3	110	-0.382805606275
3	111	-0.461194153514
3	112	0.10906235697
3	113	0.272060933018
3	114	0.469933975695
3	115	-0.0609374052298
3	116	0.130287582777
3	117	0.0252218545739
3	118	0.379422254768
3	119	0.0128307942449
3	120	-0.371173466895
3	121	-0.455151031405
3	122	0.129030263071
3	123	0.366358802055
3	124	-0.277618706946
3	125	-0.361852028757
3	126	0.487819697487
3	127	-0.314501724347
3	128	0.204073121038
3	129	-0.482913072996
3	130	0.208734997436
3	131	0.45952885032
3	132	0.0600078954214
3	133	0.482798558198
3	134	-0.430601034929
3	135	-0.249431291871
3	136	0.473129429379
3	137	0.476567783636
3	138	0.0439515505558
3	139	0.129827263783
3	140	-0.469208012153
3	141	-0.436941885322
3	142	0.272071602711
3	143	0.0895756746997
3	144	0.00288177651449
3	145	0.366317220695
3	146	-0.379986677567
3	147	0.29369151957
3	148	-0.469465414706
3	149	0.277285451822
3	150	0.0389801551615
3	151	0.409605846866
3	152	0.012432828081
3	153	-0.462734074431
3	154	-0.445939309068
3	155	0.10904417879
3	156	0.335272592562
3	157	-0.446080080543
3	158	-0.190651642511
3	159	-0.427502562533
3	160	-0.407564519886
3	161	0.282530346512
3	162	0.395910179951
3	163	0.460259213953
3	164	-0.207413479177
3	165	-0.131884704477
3	166	0.373116042387
3	167	0.328208179049
3	168	0.352691233657
3	169	0.224692331501
3	170	0.237320930881
3	171	0.472716182509
3	172	0.328971321259
3	173	-0.177497427809
3	174	0.330956594944
3	175	-0.440087335279
3	176	0.314519778991
3	177	-0.458892472982
3	178	0.100503117859
3	179	-0.330706143096
3	180	0.447517602264
3	181	0.337473700999
3	182	0.0992103308224
3	183	-0.165903104049
3	184	0.187526657973
3	185	0.115368533314
3	186	-0.450607404756
3	187	0.341700219816
3	188	-0.319170923969
3	189	0.387492918606
3	190	-0.357903095755
3	191	0.430497426401
3	192	-0.307242239282
3	193	-0.196160819824
3	194	-0.411905763572
3	195	0.43795912536
3	196	-0.0307137477673
3	197	-0.101902853515
3	198	-0.0642136827425
3	199	0.201737783709
3	200	-0.186084020586
3	201	-0.0601469401754
3	202	-0.231077580859
3	203	-0.361514002998
3	204	0.443297096326
3	205	-0.100921248994
3	206	0.100276926264
3	207	0.276880169164
3	208	-0.151050766498
3	209	0.357347612822
3	210	-0.0813981154264
3	211	-0.138163437161
3	212	0.497840436465
3	213	-0.246959276097
3	214	-0.249707010081
3	215	-0.481297907767
3	216	-0.140818098691
3	217	0.359439365959
3	218	-0.17971556133
3	219	0.236472404527
3	220	-0.108869170224
3	221	-0.0539885916989
3	222	-0.241368604558
3	223	-0.109052925446
3	224	0.311418361562
3	225	0.268849006451
3	226	0.0453308635229
3	227	0.197642266326
3	228	-0.275205082168
3	229	0.207083929232
3	230	-0.0353888933781
3	231	-0.0224405669812
3	232	-0.0151293231654
3	233	0.0276807329348
3	234	0.478864410519
3	235	0.471235107958
3	236	-0.313270013231
3	237	-0.489984995798
3	238	0.0918170115239
3	239	0.334582550601
3	240	0.171100069116
3	241	0.433631781553
3	242	-0.333044108864
3	243	0.345286168495
3	244	0.0193898902702
3	245	0.0821413447437
3	246	-0.0776716042919
3	247	-0.05997262059
3	248	-0.210923484095
3	249	0.0103890246583
3	250	-0.460338303863
3	251	-0.217151844007
3	252	1.0
3	253	1.0
3	254	1.0
3	255	1.0
3	256	1.0
3	257	1.0
3	258	1.0
3	259	1.0
3	260	1.0
3	261	1.0
3	262	1.0
3	263	1.0
3	264	1.0
3	265	1.0
3	266	0.0
3	267	0.0
3	268	0.0
3	269	0.0
3	270	0.0
3	271	0.0
3	272	0.0
